Date,Open,High,Low,Close,Volume
3-Jul-14,22.52,22.78,22.47,22.67,2590722
2-Jul-14,22.49,22.59,22.38,22.47,2940930
1-Jul-14,22.39,22.63,22.21,22.55,6115310
30-Jun-14,21.96,22.36,21.94,22.30,6257278
27-Jun-14,21.96,22.40,21.92,21.92,27029045
26-Jun-14,21.98,22.07,21.74,21.80,7037442
25-Jun-14,21.85,22.10,21.75,22.04,4619611
24-Jun-14,22.00,22.21,21.86,21.90,5361709
23-Jun-14,22.11,22.15,21.78,22.10,8967060
20-Jun-14,22.13,22.22,21.94,22.01,9030320
19-Jun-14,21.89,22.08,21.66,22.03,5458058
18-Jun-14,21.85,21.98,21.63,21.82,5249728
17-Jun-14,21.49,21.85,21.42,21.81,6833752
16-Jun-14,21.43,21.55,21.29,21.43,4063590
13-Jun-14,21.36,21.51,21.25,21.41,3488327
12-Jun-14,21.50,21.61,21.28,21.32,10527196
11-Jun-14,21.34,21.57,21.30,21.48,7430099
10-Jun-14,21.25,21.48,21.20,21.45,8125203
9-Jun-14,20.97,21.35,20.90,21.29,11098707
6-Jun-14,20.94,21.00,20.74,20.92,6182877
5-Jun-14,20.80,20.81,20.36,20.71,4871467
4-Jun-14,20.73,20.85,20.71,20.73,4942969
3-Jun-14,20.52,20.78,20.51,20.75,7689661
2-Jun-14,20.82,20.82,20.52,20.62,3491464
30-May-14,20.81,20.83,20.51,20.78,10286449
29-May-14,20.57,20.81,20.43,20.75,10602409
28-May-14,20.57,20.62,20.32,20.33,8307906
27-May-14,20.70,20.77,20.50,20.58,6048144
23-May-14,20.61,20.70,20.39,20.68,5982271
22-May-14,20.93,21.00,20.50,20.53,18897533
21-May-14,20.81,20.89,20.63,20.87,5648300
20-May-14,20.63,20.91,20.62,20.83,5046898
19-May-14,20.31,20.99,20.28,20.78,7054218
16-May-14,20.12,20.40,19.97,20.35,4270641
15-May-14,20.31,20.31,19.87,20.08,4856368
14-May-14,20.41,20.48,20.22,20.28,3027497
13-May-14,20.67,20.70,20.27,20.50,5359933
12-May-14,20.84,20.95,20.60,20.67,4426762
9-May-14,20.67,20.82,20.56,20.79,6970980
8-May-14,20.70,21.31,20.64,20.80,8513457
7-May-14,20.17,21.06,20.06,21.01,20043178
6-May-14,19.44,19.49,19.12,19.31,8440292
5-May-14,19.89,19.90,19.33,19.42,8977528
2-May-14,20.27,20.30,19.87,19.94,5981029
1-May-14,19.97,20.17,19.85,19.97,3004066
30-Apr-14,19.59,20.04,19.45,20.01,5563383
29-Apr-14,19.39,19.70,19.29,19.69,4191937
28-Apr-14,19.64,19.64,18.89,19.33,6142348
25-Apr-14,19.44,19.53,19.25,19.46,2934711
24-Apr-14,19.82,19.99,19.42,19.57,2326467
23-Apr-14,19.85,19.86,19.56,19.63,2876051
22-Apr-14,19.67,19.96,19.60,19.90,3837155
21-Apr-14,19.77,19.93,19.65,19.69,3722955
17-Apr-14,19.56,19.79,19.34,19.69,4592691
16-Apr-14,19.25,19.49,19.13,19.45,3824788
15-Apr-14,19.28,19.29,18.85,19.07,4516200
14-Apr-14,19.18,19.30,19.05,19.24,2806150
11-Apr-14,19.32,19.36,18.82,19.04,5339801
10-Apr-14,19.80,19.85,19.28,19.38,5036878
9-Apr-14,19.91,19.94,19.70,19.84,4550228
8-Apr-14,19.53,19.88,19.50,19.74,6040519
7-Apr-14,19.79,20.08,19.27,19.43,9802104
4-Apr-14,20.63,20.72,19.90,20.12,7245048
3-Apr-14,20.91,21.02,20.20,20.24,9215946
2-Apr-14,20.82,21.03,20.67,20.78,4703029
1-Apr-14,20.44,20.72,20.30,20.69,6631445
31-Mar-14,20.54,20.63,20.24,20.44,5097878
28-Mar-14,20.36,20.60,20.25,20.45,6082050
27-Mar-14,20.90,20.90,20.06,20.25,6860240
26-Mar-14,20.65,20.86,20.50,20.59,4620072
25-Mar-14,20.59,20.74,20.50,20.59,2890943
24-Mar-14,20.89,20.98,20.45,20.49,4835371
21-Mar-14,21.11,21.23,20.68,20.78,7984072
20-Mar-14,21.03,21.14,20.88,20.92,3348840
19-Mar-14,21.14,21.26,20.97,21.04,5942704
18-Mar-14,21.20,21.35,21.05,21.10,5363851
17-Mar-14,21.16,21.50,20.99,21.23,7427933
14-Mar-14,20.84,21.31,20.83,21.00,7773024
13-Mar-14,21.50,21.50,20.53,20.85,16099873
12-Mar-14,19.90,20.66,19.84,20.60,7112897
11-Mar-14,20.13,20.19,19.82,20.07,5311382
10-Mar-14,20.09,20.38,20.01,20.29,4683728
7-Mar-14,20.20,20.29,20.03,20.11,5544651
6-Mar-14,20.06,20.35,20.01,20.17,4707603
5-Mar-14,19.79,20.05,19.65,20.04,6588398
4-Mar-14,19.58,19.80,19.58,19.71,6547395
3-Mar-14,19.12,19.58,19.03,19.52,4425467
28-Feb-14,19.61,19.64,19.23,19.35,4936506
27-Feb-14,19.39,19.71,19.39,19.55,2767535
26-Feb-14,19.49,19.75,19.33,19.44,4555399
25-Feb-14,19.78,19.79,19.37,19.46,5304777
24-Feb-14,19.70,19.87,19.63,19.69,6421718
21-Feb-14,19.75,19.92,19.70,19.72,7827548
20-Feb-14,19.66,19.84,19.59,19.63,5095156
19-Feb-14,19.90,20.00,19.57,19.68,7843761
18-Feb-14,19.91,20.24,19.85,19.94,6435446
14-Feb-14,19.42,19.93,19.30,19.80,9008106
13-Feb-14,19.55,19.86,19.48,19.77,7972535
12-Feb-14,19.49,19.69,19.24,19.63,8002885
11-Feb-14,19.16,19.55,19.00,19.37,8944882
10-Feb-14,19.25,19.55,18.95,19.36,16779584
7-Feb-14,18.95,19.95,18.78,19.64,29882321
6-Feb-14,16.99,17.20,16.95,17.17,7383505
5-Feb-14,16.88,16.97,16.64,16.89,5566173
4-Feb-14,17.06,17.14,16.80,16.90,5463699
3-Feb-14,17.35,17.35,16.90,17.06,7001893
31-Jan-14,16.98,17.36,16.92,17.13,8471463
30-Jan-14,17.04,17.36,16.93,17.26,5021519
29-Jan-14,16.78,17.05,16.68,16.91,8286242
28-Jan-14,16.67,16.84,16.65,16.69,7202509
27-Jan-14,16.70,16.89,16.62,16.67,7575883
24-Jan-14,16.64,16.84,16.55,16.67,7993198
23-Jan-14,16.63,16.75,16.55,16.67,7209795
22-Jan-14,16.85,16.89,16.65,16.74,7998713
21-Jan-14,17.02,17.09,16.69,16.79,6331539
17-Jan-14,17.35,17.47,16.76,16.96,15311930
16-Jan-14,17.37,17.52,17.29,17.33,8097779
15-Jan-14,17.56,17.61,17.22,17.39,7357011
14-Jan-14,17.78,17.78,17.15,17.49,10833673
13-Jan-14,18.02,18.27,17.78,17.87,4577494
10-Jan-14,18.38,18.39,18.03,18.18,3943646
9-Jan-14,18.41,18.45,18.28,18.30,4005130
8-Jan-14,18.32,18.43,18.08,18.34,5520400
7-Jan-14,18.20,18.37,18.01,18.32,5114435
6-Jan-14,18.38,18.55,18.07,18.08,5989303
3-Jan-14,17.80,18.35,17.64,18.29,7194703
2-Jan-14,17.91,18.08,17.80,18.07,6620855
31-Dec-13,17.80,17.98,17.72,17.83,2886228
30-Dec-13,17.79,17.92,17.75,17.80,3299461
27-Dec-13,18.11,18.22,17.76,17.82,3125901
26-Dec-13,18.20,18.29,17.98,18.08,3318409
24-Dec-13,18.08,18.19,17.98,18.17,2268036
23-Dec-13,17.95,18.40,17.94,18.15,8192747
20-Dec-13,17.70,18.00,17.59,17.87,13735384
19-Dec-13,17.17,17.76,17.14,17.66,12732120
18-Dec-13,17.04,17.26,16.75,17.18,7980595
17-Dec-13,16.73,17.13,16.66,17.06,7363066
16-Dec-13,16.81,16.93,16.74,16.74,5393489
13-Dec-13,16.70,16.93,16.60,16.77,4956314
12-Dec-13,17.01,17.01,16.60,16.66,5023916
11-Dec-13,17.40,17.44,16.97,17.01,4046277
10-Dec-13,17.25,17.41,17.22,17.32,4641585
9-Dec-13,17.19,17.36,17.16,17.30,5011764
6-Dec-13,16.85,17.20,16.84,17.20,5259432
5-Dec-13,17.18,17.26,16.74,16.78,9271005
4-Dec-13,17.11,17.32,17.02,17.25,4583478
3-Dec-13,17.26,17.32,17.10,17.12,7545385
2-Dec-13,17.33,17.55,17.25,17.33,9685339
29-Nov-13,17.27,17.45,17.12,17.21,3720071
27-Nov-13,17.04,17.39,17.04,17.09,5708584
26-Nov-13,17.26,17.33,17.03,17.10,12840135
25-Nov-13,17.43,17.56,17.32,17.41,7232367
22-Nov-13,17.40,17.41,17.14,17.21,5515806
21-Nov-13,17.16,17.41,17.10,17.35,8051944
20-Nov-13,17.00,17.27,16.85,17.20,8532490
19-Nov-13,17.34,17.42,16.89,16.89,9660226
18-Nov-13,17.77,17.77,17.50,17.52,9818764
15-Nov-13,17.68,17.81,17.59,17.72,9487096
14-Nov-13,17.38,17.71,17.26,17.70,7648099
13-Nov-13,17.08,17.34,16.88,17.32,6394441
12-Nov-13,16.94,17.19,16.82,17.11,8305870
11-Nov-13,16.95,17.02,16.65,16.99,7059177
8-Nov-13,16.83,17.18,16.76,17.07,6914196
7-Nov-13,16.10,17.07,16.06,16.84,18971451
6-Nov-13,16.90,16.97,16.44,16.53,11871896
5-Nov-13,16.42,16.59,16.23,16.53,9900822
4-Nov-13,16.86,16.93,16.73,16.84,5460241
1-Nov-13,16.68,17.00,16.57,16.70,6637718
31-Oct-13,16.70,16.74,16.54,16.68,23489989
30-Oct-13,16.91,17.03,16.50,16.61,14207447
29-Oct-13,17.34,17.41,16.58,16.59,31928235
28-Oct-13,17.39,17.54,17.16,17.30,8707827
25-Oct-13,17.47,17.55,17.26,17.34,5554742
24-Oct-13,17.41,17.65,17.22,17.31,6716791
23-Oct-13,17.55,17.70,17.37,17.41,5141226
22-Oct-13,17.61,17.70,17.44,17.60,5985083
21-Oct-13,17.75,17.80,17.40,17.46,4303774
18-Oct-13,17.69,17.72,17.29,17.59,5760505
17-Oct-13,17.32,17.62,17.30,17.59,5288191
16-Oct-13,17.76,17.85,17.30,17.32,6919386
15-Oct-13,17.83,17.98,17.67,17.76,10953852
14-Oct-13,16.94,17.88,16.93,17.83,10882527
11-Oct-13,16.92,17.20,16.87,17.08,8482620
10-Oct-13,16.46,17.10,16.39,17.05,13269437
9-Oct-13,16.38,16.57,16.25,16.28,5775714
8-Oct-13,16.46,16.55,16.26,16.37,7171093
7-Oct-13,16.80,16.83,16.48,16.51,3876862
4-Oct-13,16.63,16.95,16.60,16.88,4317498
3-Oct-13,16.76,16.79,16.60,16.66,5467572
2-Oct-13,16.84,16.90,16.58,16.78,4779835
1-Oct-13,16.68,16.99,16.65,16.90,5388616
30-Sep-13,16.71,16.81,16.49,16.68,4041218
27-Sep-13,17.00,17.04,16.76,16.82,3396788
26-Sep-13,17.03,17.09,16.90,17.01,3365794
25-Sep-13,16.96,17.09,16.86,16.96,5077446
24-Sep-13,16.94,17.04,16.88,16.93,4941966
23-Sep-13,17.00,17.03,16.84,16.96,4783182
20-Sep-13,17.24,17.27,16.96,16.99,10355155
19-Sep-13,17.00,17.24,16.86,17.10,9290333
18-Sep-13,17.08,17.22,16.90,17.15,6845516
17-Sep-13,17.32,17.38,17.14,17.16,4227711
16-Sep-13,17.18,17.37,17.06,17.25,6026913
13-Sep-13,16.99,17.03,16.84,16.97,3520638
12-Sep-13,17.14,17.18,16.73,16.90,3760639
11-Sep-13,17.22,17.37,17.07,17.18,4621993
10-Sep-13,17.34,17.41,16.89,17.15,6716973
9-Sep-13,17.06,17.14,16.93,17.04,3346653
6-Sep-13,17.31,17.31,16.77,16.97,6169368
5-Sep-13,17.02,17.30,17.00,17.17,4691148
4-Sep-13,17.02,17.14,16.86,17.10,5578933
3-Sep-13,16.81,17.24,16.80,16.98,9502587
30-Aug-13,16.76,16.77,16.24,16.32,4946228
29-Aug-13,16.36,16.96,16.36,16.75,6665702
28-Aug-13,16.22,16.53,16.19,16.39,5259692
27-Aug-13,16.44,16.46,16.02,16.20,8277700
26-Aug-13,16.70,16.72,16.55,16.56,3903053
23-Aug-13,16.86,16.89,16.60,16.72,5439717
22-Aug-13,16.66,16.94,16.64,16.80,2861830
21-Aug-13,16.68,16.75,16.39,16.58,5419455
20-Aug-13,16.75,16.97,16.58,16.75,5633783
19-Aug-13,17.24,17.30,16.78,16.79,5566045
16-Aug-13,17.23,17.42,17.17,17.30,6657169
15-Aug-13,17.33,17.39,17.09,17.23,6821357
14-Aug-13,17.38,17.51,17.31,17.44,8631440
13-Aug-13,17.28,17.53,17.16,17.46,8433343
12-Aug-13,17.21,17.30,17.04,17.18,5229328
9-Aug-13,17.43,17.45,17.14,17.23,5896331
8-Aug-13,17.50,17.67,17.27,17.50,6119573
7-Aug-13,17.48,17.63,17.37,17.51,4032456
6-Aug-13,17.64,17.80,17.17,17.45,11238461
5-Aug-13,17.83,17.93,17.60,17.73,6764140
2-Aug-13,17.94,18.19,17.40,18.08,11018778
1-Aug-13,17.99,18.33,17.62,18.20,7741593
31-Jul-13,18.19,18.28,17.94,17.98,8698481
30-Jul-13,18.25,18.44,17.92,18.18,9736371
29-Jul-13,17.43,18.39,17.38,18.27,20718911
26-Jul-13,17.16,17.76,16.86,17.46,41849789
25-Jul-13,15.38,15.42,15.09,15.18,4552264
24-Jul-13,15.33,15.43,15.13,15.39,5253197
23-Jul-13,15.15,15.52,15.15,15.22,4642680
22-Jul-13,15.38,15.66,14.89,15.15,8197087
19-Jul-13,15.60,15.66,15.48,15.53,6732070
18-Jul-13,15.31,15.68,15.30,15.58,8500924
17-Jul-13,15.12,15.28,15.01,15.27,3726126
16-Jul-13,15.16,15.23,15.03,15.10,3577359
15-Jul-13,15.00,15.26,14.99,15.13,6601216
12-Jul-13,15.24,15.31,14.90,15.01,5634607
11-Jul-13,15.01,15.31,14.97,15.31,4507715
10-Jul-13,14.89,15.00,14.80,14.90,3768385
9-Jul-13,14.57,14.99,14.49,14.89,7968186
8-Jul-13,14.79,14.99,14.33,14.46,7542267
